N = 150; timeSteps = 3000; simulations = 20

Number of Clusters Average:
(0.1, 0.1): 1662.6
(0.1, 0.2): 1516.8
(0.1, 0.3): 1349.6
(0.1, 0.4): 1194.8
(0.1, 0.5): 1015.8
(0.1, 0.6): 829.4
(0.1, 0.7): 633.6
(0.1, 0.8): 431.8
(0.1, 0.9): 220.5
(0.2, 0.1): 2618.1
(0.2, 0.2): 2476.4
(0.2, 0.3): 2285.4
(0.2, 0.4): 2069.5
(0.2, 0.5): 1809.0
(0.2, 0.6): 1516.0
(0.2, 0.7): 1189.6
(0.2, 0.8): 826.1
(0.2, 0.9): 433.2
(0.3, 0.1): 37.8
(0.3, 0.2): 4.8
(0.3, 0.3): 5.9
(0.3, 0.4): 6.6
(0.3, 0.5): 6.6
(0.3, 0.6): 4.6
(0.3, 0.7): 8.8
(0.3, 0.8): 1185.2
(0.3, 0.9): 635.8
(0.4, 0.1): 195.0
(0.4, 0.2): 20.0
(0.4, 0.3): 26.0
(0.4, 0.4): 30.1
(0.4, 0.5): 31.0
(0.4, 0.6): 29.4
(0.4, 0.7): 23.9
(0.4, 0.8): 14.4
(0.4, 0.9): 22.5
(0.5, 0.1): 29.0
(0.5, 0.2): 36.5
(0.5, 0.3): 37.2
(0.5, 0.4): 42.7
(0.5, 0.5): 42.2
(0.5, 0.6): 41.4
(0.5, 0.7): 37.8
(0.5, 0.8): 38.3
(0.5, 0.9): 26.2
(0.6, 0.1): 18.6
(0.6, 0.2): 56.8
(0.6, 0.3): 50.5
(0.6, 0.4): 41.3
(0.6, 0.5): 45.6
(0.6, 0.6): 51.8
(0.6, 0.7): 51.9
(0.6, 0.8): 52.2
(0.6, 0.9): 46.2
(0.7, 0.1): 34.6
(0.7, 0.2): 58.8
(0.7, 0.3): 37.4
(0.7, 0.4): 36.8
(0.7, 0.5): 53.8
(0.7, 0.6): 67.2
(0.7, 0.7): 84.4
(0.7, 0.8): 93.6
(0.7, 0.9): 103.4
(0.8, 0.1): 53.8
(0.8, 0.2): 37.6
(0.8, 0.3): 23.3
(0.8, 0.4): 42.6
(0.8, 0.5): 91.4
(0.8, 0.6): 195.6
(0.8, 0.7): 386.0
(0.8, 0.8): 662.8
(0.8, 0.9): 815.6
(0.9, 0.1): 28.9
(0.9, 0.2): 118.6
(0.9, 0.3): 396.8
(0.9, 0.4): 1041.0
(0.9, 0.5): 1896.2
(0.9, 0.6): 2586.2
(0.9, 0.7): 2860.2
(0.9, 0.8): 2599.0
(0.9, 0.9): 1667.8
(1.0, 0.1): 3.2
(1.0, 0.2): 36.5
(1.0, 0.3): 177.2
(1.0, 0.4): 624.8
(1.0, 0.5): 1535.6
(1.0, 0.6): 2425.1
(1.0, 0.7): 2911.6
(1.0, 0.8): 2754.0
(1.0, 0.9): 1801.1

Number of Clusters Standard Deviation:
(0.1, 0.1): 16.5
(0.1, 0.2): 15.2
(0.1, 0.3): 11.8
(0.1, 0.4): 9.0
(0.1, 0.5): 8.6
(0.1, 0.6): 8.3
(0.1, 0.7): 6.6
(0.1, 0.8): 3.7
(0.1, 0.9): 2.0
(0.2, 0.1): 24.5
(0.2, 0.2): 33.2
(0.2, 0.3): 23.4
(0.2, 0.4): 18.0
(0.2, 0.5): 17.8
(0.2, 0.6): 16.9
(0.2, 0.7): 11.9
(0.2, 0.8): 8.9
(0.2, 0.9): 3.6
(0.3, 0.1): 16.8
(0.3, 0.2): 1.9
(0.3, 0.3): 2.6
(0.3, 0.4): 1.4
(0.3, 0.5): 1.9
(0.3, 0.6): 1.5
(0.3, 0.7): 3.1
(0.3, 0.8): 13.5
(0.3, 0.9): 5.2
(0.4, 0.1): 139.9
(0.4, 0.2): 5.6
(0.4, 0.3): 3.5
(0.4, 0.4): 2.8
(0.4, 0.5): 2.9
(0.4, 0.6): 3.9
(0.4, 0.7): 4.8
(0.4, 0.8): 2.9
(0.4, 0.9): 14.0
(0.5, 0.1): 27.0
(0.5, 0.2): 4.4
(0.5, 0.3): 4.5
(0.5, 0.4): 5.5
(0.5, 0.5): 4.7
(0.5, 0.6): 6.0
(0.5, 0.7): 4.3
(0.5, 0.8): 5.4
(0.5, 0.9): 4.7
(0.6, 0.1): 3.9
(0.6, 0.2): 11.5
(0.6, 0.3): 11.7
(0.6, 0.4): 6.0
(0.6, 0.5): 7.0
(0.6, 0.6): 4.9
(0.6, 0.7): 5.2
(0.6, 0.8): 5.5
(0.6, 0.9): 9.2
(0.7, 0.1): 8.7
(0.7, 0.2): 11.7
(0.7, 0.3): 5.7
(0.7, 0.4): 6.4
(0.7, 0.5): 6.5
(0.7, 0.6): 8.2
(0.7, 0.7): 8.8
(0.7, 0.8): 9.8
(0.7, 0.9): 11.1
(0.8, 0.1): 10.7
(0.8, 0.2): 7.7
(0.8, 0.3): 5.7
(0.8, 0.4): 6.1
(0.8, 0.5): 9.3
(0.8, 0.6): 14.4
(0.8, 0.7): 22.3
(0.8, 0.8): 28.6
(0.8, 0.9): 21.8
(0.9, 0.1): 5.3
(0.9, 0.2): 13.6
(0.9, 0.3): 18.0
(0.9, 0.4): 25.8
(0.9, 0.5): 32.6
(0.9, 0.6): 32.2
(0.9, 0.7): 35.5
(0.9, 0.8): 28.8
(0.9, 0.9): 15.2
(1.0, 0.1): 1.1
(1.0, 0.2): 5.6
(1.0, 0.3): 12.4
(1.0, 0.4): 22.4
(1.0, 0.5): 34.9
(1.0, 0.6): 38.7
(1.0, 0.7): 31.4
(1.0, 0.8): 33.8
(1.0, 0.9): 17.0

Clusters Sizes Average:
(0.1, 0.1): 1.2
(0.1, 0.2): 1.2
(0.1, 0.3): 1.2
(0.1, 0.4): 1.1
(0.1, 0.5): 1.1
(0.1, 0.6): 1.1
(0.1, 0.7): 1.1
(0.1, 0.8): 1.0
(0.1, 0.9): 1.0
(0.2, 0.1): 1.5
(0.2, 0.2): 1.5
(0.2, 0.3): 1.4
(0.2, 0.4): 1.3
(0.2, 0.5): 1.2
(0.2, 0.6): 1.2
(0.2, 0.7): 1.1
(0.2, 0.8): 1.1
(0.2, 0.9): 1.0
(0.3, 0.1): 209.4
(0.3, 0.2): 1294.5
(0.3, 0.3): 961.7
(0.3, 0.4): 641.6
(0.3, 0.5): 565.7
(0.3, 0.6): 650.4
(0.3, 0.7): 259.3
(0.3, 0.8): 1.1
(0.3, 0.9): 1.1
(0.4, 0.1): 78.7
(0.4, 0.2): 395.4
(0.4, 0.3): 246.3
(0.4, 0.4): 180.9
(0.4, 0.5): 146.7
(0.4, 0.6): 124.7
(0.4, 0.7): 118.1
(0.4, 0.8): 129.4
(0.4, 0.9): 50.1
(0.5, 0.1): 507.3
(0.5, 0.2): 250.0
(0.5, 0.3): 215.2
(0.5, 0.4): 160.6
(0.5, 0.5): 135.0
(0.5, 0.6): 111.1
(0.5, 0.7): 90.4
(0.5, 0.8): 59.8
(0.5, 0.9): 44.4
(0.6, 0.1): 680.2
(0.6, 0.2): 198.0
(0.6, 0.3): 197.4
(0.6, 0.4): 200.5
(0.6, 0.5): 151.7
(0.6, 0.6): 105.2
(0.6, 0.7): 78.8
(0.6, 0.8): 52.3
(0.6, 0.9): 30.4
(0.7, 0.1): 432.8
(0.7, 0.2): 222.4
(0.7, 0.3): 301.9
(0.7, 0.4): 266.1
(0.7, 0.5): 148.6
(0.7, 0.6): 95.0
(0.7, 0.7): 56.6
(0.7, 0.8): 34.0
(0.7, 0.9): 15.4
(0.8, 0.1): 311.8
(0.8, 0.2): 400.4
(0.8, 0.3): 570.7
(0.8, 0.4): 258.9
(0.8, 0.5): 99.4
(0.8, 0.6): 37.0
(0.8, 0.7): 14.0
(0.8, 0.8): 5.4
(0.8, 0.9): 2.2
(0.9, 0.1): 652.6
(0.9, 0.2): 138.3
(0.9, 0.3): 35.8
(0.9, 0.4): 11.7
(0.9, 0.5): 5.3
(0.9, 0.6): 3.1
(0.9, 0.7): 2.1
(0.9, 0.8): 1.6
(0.9, 0.9): 1.2
(1.0, 0.1): 7138.1
(1.0, 0.2): 505.3
(1.0, 0.3): 89.3
(1.0, 0.4): 21.6
(1.0, 0.5): 7.3
(1.0, 0.6): 3.7
(1.0, 0.7): 2.3
(1.0, 0.8): 1.6
(1.0, 0.9): 1.2

Clusters Sizes Standard Deviation:
(0.1, 0.1): 0.0
(0.1, 0.2): 0.0
(0.1, 0.3): 0.0
(0.1, 0.4): 0.0
(0.1, 0.5): 0.0
(0.1, 0.6): 0.0
(0.1, 0.7): 0.0
(0.1, 0.8): 0.0
(0.1, 0.9): 0.0
(0.2, 0.1): 0.0
(0.2, 0.2): 0.0
(0.2, 0.3): 0.0
(0.2, 0.4): 0.0
(0.2, 0.5): 0.0
(0.2, 0.6): 0.0
(0.2, 0.7): 0.0
(0.2, 0.8): 0.0
(0.2, 0.9): 0.0
(0.3, 0.1): 123.7
(0.3, 0.2): 513.6
(0.3, 0.3): 445.2
(0.3, 0.4): 138.3
(0.3, 0.5): 196.6
(0.3, 0.6): 236.5
(0.3, 0.7): 89.3
(0.3, 0.8): 0.0
(0.3, 0.9): 0.0
(0.4, 0.1): 79.4
(0.4, 0.2): 133.0
(0.4, 0.3): 33.6
(0.4, 0.4): 15.9
(0.4, 0.5): 14.5
(0.4, 0.6): 17.5
(0.4, 0.7): 27.1
(0.4, 0.8): 22.8
(0.4, 0.9): 20.4
(0.5, 0.1): 197.8
(0.5, 0.2): 28.4
(0.5, 0.3): 26.3
(0.5, 0.4): 19.8
(0.5, 0.5): 14.9
(0.5, 0.6): 16.8
(0.5, 0.7): 10.1
(0.5, 0.8): 7.9
(0.5, 0.9): 7.8
(0.6, 0.1): 141.6
(0.6, 0.2): 40.9
(0.6, 0.3): 45.5
(0.6, 0.4): 30.6
(0.6, 0.5): 24.7
(0.6, 0.6): 9.9
(0.6, 0.7): 8.1
(0.6, 0.8): 5.7
(0.6, 0.9): 6.3
(0.7, 0.1): 94.6
(0.7, 0.2): 42.7
(0.7, 0.3): 44.0
(0.7, 0.4): 52.0
(0.7, 0.5): 17.4
(0.7, 0.6): 11.1
(0.7, 0.7): 6.0
(0.7, 0.8): 3.5
(0.7, 0.9): 1.8
(0.8, 0.1): 54.7
(0.8, 0.2): 87.0
(0.8, 0.3): 124.0
(0.8, 0.4): 36.0
(0.8, 0.5): 10.0
(0.8, 0.6): 2.9
(0.8, 0.7): 0.8
(0.8, 0.8): 0.2
(0.8, 0.9): 0.1
(0.9, 0.1): 122.5
(0.9, 0.2): 15.3
(0.9, 0.3): 1.6
(0.9, 0.4): 0.3
(0.9, 0.5): 0.1
(0.9, 0.6): 0.0
(0.9, 0.7): 0.0
(0.9, 0.8): 0.0
(0.9, 0.9): 0.0
(1.0, 0.1): 2391.9
(1.0, 0.2): 80.5
(1.0, 0.3): 6.3
(1.0, 0.4): 0.8
(1.0, 0.5): 0.2
(1.0, 0.6): 0.1
(1.0, 0.7): 0.0
(1.0, 0.8): 0.0
(1.0, 0.9): 0.0
