N = 50; timeSteps = 3000; simulations = 20

Number of Clusters Average:
(0.1, 0.1): 182.0
(0.1, 0.2): 169.6
(0.1, 0.3): 150.3
(0.1, 0.4): 132.0
(0.1, 0.5): 113.4
(0.1, 0.6): 92.2
(0.1, 0.7): 70.4
(0.1, 0.8): 48.1
(0.1, 0.9): 24.4
(0.2, 0.1): 296.0
(0.2, 0.2): 274.0
(0.2, 0.3): 257.6
(0.2, 0.4): 233.6
(0.2, 0.5): 202.4
(0.2, 0.6): 171.6
(0.2, 0.7): 132.6
(0.2, 0.8): 92.1
(0.2, 0.9): 48.0
(0.3, 0.1): 167.2
(0.3, 0.2): 6.4
(0.3, 0.3): 1.4
(0.3, 0.4): 1.2
(0.3, 0.5): 1.0
(0.3, 0.6): 1.0
(0.3, 0.7): 107.2
(0.3, 0.8): 126.2
(0.3, 0.9): 69.6
(0.4, 0.1): 74.6
(0.4, 0.2): 10.1
(0.4, 0.3): 3.0
(0.4, 0.4): 2.7
(0.4, 0.5): 2.9
(0.4, 0.6): 3.5
(0.4, 0.7): 2.6
(0.4, 0.8): 1.6
(0.4, 0.9): 74.6
(0.5, 0.1): 17.0
(0.5, 0.2): 4.0
(0.5, 0.3): 4.0
(0.5, 0.4): 3.9
(0.5, 0.5): 3.8
(0.5, 0.6): 4.2
(0.5, 0.7): 4.2
(0.5, 0.8): 4.0
(0.5, 0.9): 2.6
(0.6, 0.1): 1.4
(0.6, 0.2): 5.8
(0.6, 0.3): 5.2
(0.6, 0.4): 3.8
(0.6, 0.5): 4.3
(0.6, 0.6): 4.9
(0.6, 0.7): 5.4
(0.6, 0.8): 5.2
(0.6, 0.9): 4.4
(0.7, 0.1): 2.8
(0.7, 0.2): 8.0
(0.7, 0.3): 4.5
(0.7, 0.4): 4.0
(0.7, 0.5): 4.8
(0.7, 0.6): 6.7
(0.7, 0.7): 8.5
(0.7, 0.8): 10.0
(0.7, 0.9): 9.4
(0.8, 0.1): 2.2
(0.8, 0.2): 7.2
(0.8, 0.3): 3.6
(0.8, 0.4): 4.8
(0.8, 0.5): 8.6
(0.8, 0.6): 15.8
(0.8, 0.7): 37.8
(0.8, 0.8): 67.4
(0.8, 0.9): 84.4
(0.9, 0.1): 2.6
(0.9, 0.2): 7.2
(0.9, 0.3): 18.9
(0.9, 0.4): 52.2
(0.9, 0.5): 126.7
(0.9, 0.6): 220.0
(0.9, 0.7): 269.1
(0.9, 0.8): 265.2
(0.9, 0.9): 178.4
(1.0, 0.1): 1.6
(1.0, 0.2): 6.2
(1.0, 0.3): 24.4
(1.0, 0.4): 75.8
(1.0, 0.5): 176.4
(1.0, 0.6): 272.4
(1.0, 0.7): 324.3
(1.0, 0.8): 305.5
(1.0, 0.9): 200.2

Number of Clusters Standard Deviation:
(0.1, 0.1): 5.9
(0.1, 0.2): 5.6
(0.1, 0.3): 3.3
(0.1, 0.4): 4.3
(0.1, 0.5): 3.0
(0.1, 0.6): 2.9
(0.1, 0.7): 2.5
(0.1, 0.8): 1.5
(0.1, 0.9): 0.7
(0.2, 0.1): 11.2
(0.2, 0.2): 7.5
(0.2, 0.3): 8.7
(0.2, 0.4): 6.8
(0.2, 0.5): 6.2
(0.2, 0.6): 3.8
(0.2, 0.7): 3.3
(0.2, 0.8): 3.0
(0.2, 0.9): 1.5
(0.3, 0.1): 80.5
(0.3, 0.2): 8.1
(0.3, 0.3): 0.7
(0.3, 0.4): 0.4
(0.3, 0.5): 0.2
(0.3, 0.6): 0.2
(0.3, 0.7): 85.6
(0.3, 0.8): 28.9
(0.3, 0.9): 1.6
(0.4, 0.1): 36.1
(0.4, 0.2): 12.6
(0.4, 0.3): 1.5
(0.4, 0.4): 1.1
(0.4, 0.5): 0.8
(0.4, 0.6): 0.9
(0.4, 0.7): 1.1
(0.4, 0.8): 0.7
(0.4, 0.9): 35.9
(0.5, 0.1): 19.4
(0.5, 0.2): 1.7
(0.5, 0.3): 1.7
(0.5, 0.4): 1.8
(0.5, 0.5): 1.4
(0.5, 0.6): 1.1
(0.5, 0.7): 1.5
(0.5, 0.8): 1.5
(0.5, 0.9): 1.5
(0.6, 0.1): 0.9
(0.6, 0.2): 2.5
(0.6, 0.3): 2.7
(0.6, 0.4): 1.5
(0.6, 0.5): 1.4
(0.6, 0.6): 2.3
(0.6, 0.7): 2.2
(0.6, 0.8): 1.7
(0.6, 0.9): 1.7
(0.7, 0.1): 1.2
(0.7, 0.2): 3.4
(0.7, 0.3): 2.3
(0.7, 0.4): 1.7
(0.7, 0.5): 1.9
(0.7, 0.6): 1.8
(0.7, 0.7): 2.3
(0.7, 0.8): 4.4
(0.7, 0.9): 2.0
(0.8, 0.1): 1.3
(0.8, 0.2): 2.8
(0.8, 0.3): 2.1
(0.8, 0.4): 1.5
(0.8, 0.5): 2.9
(0.8, 0.6): 2.7
(0.8, 0.7): 5.7
(0.8, 0.8): 9.7
(0.8, 0.9): 8.4
(0.9, 0.1): 1.3
(0.9, 0.2): 2.2
(0.9, 0.3): 3.4
(0.9, 0.4): 7.8
(0.9, 0.5): 10.0
(0.9, 0.6): 11.6
(0.9, 0.7): 14.6
(0.9, 0.8): 7.8
(0.9, 0.9): 4.7
(1.0, 0.1): 1.0
(1.0, 0.2): 1.9
(1.0, 0.3): 4.5
(1.0, 0.4): 6.4
(1.0, 0.5): 11.7
(1.0, 0.6): 12.8
(1.0, 0.7): 11.2
(1.0, 0.8): 9.9
(1.0, 0.9): 5.7

Clusters Sizes Average:
(0.1, 0.1): 1.2
(0.1, 0.2): 1.2
(0.1, 0.3): 1.2
(0.1, 0.4): 1.1
(0.1, 0.5): 1.1
(0.1, 0.6): 1.1
(0.1, 0.7): 1.1
(0.1, 0.8): 1.0
(0.1, 0.9): 1.0
(0.2, 0.1): 1.5
(0.2, 0.2): 1.5
(0.2, 0.3): 1.4
(0.2, 0.4): 1.3
(0.2, 0.5): 1.2
(0.2, 0.6): 1.2
(0.2, 0.7): 1.1
(0.2, 0.8): 1.1
(0.2, 0.9): 1.0
(0.3, 0.1): 4.8
(0.3, 0.2): 261.8
(0.3, 0.3): 426.6
(0.3, 0.4): 416.2
(0.3, 0.5): 365.6
(0.3, 0.6): 292.5
(0.3, 0.7): 57.6
(0.3, 0.8): 8.6
(0.3, 0.9): 1.1
(0.4, 0.1): 16.5
(0.4, 0.2): 260.5
(0.4, 0.3): 295.8
(0.4, 0.4): 265.0
(0.4, 0.5): 193.7
(0.4, 0.6): 123.0
(0.4, 0.7): 136.0
(0.4, 0.8): 150.0
(0.4, 0.9): 13.2
(0.5, 0.1): 440.7
(0.5, 0.2): 331.2
(0.5, 0.3): 265.4
(0.5, 0.4): 233.8
(0.5, 0.5): 205.5
(0.5, 0.6): 127.3
(0.5, 0.7): 110.8
(0.5, 0.8): 72.1
(0.5, 0.9): 64.6
(0.6, 0.1): 1141.9
(0.6, 0.2): 281.0
(0.6, 0.3): 307.1
(0.6, 0.4): 298.2
(0.6, 0.5): 195.7
(0.6, 0.6): 165.0
(0.6, 0.7): 98.3
(0.6, 0.8): 66.7
(0.6, 0.9): 42.6
(0.7, 0.1): 690.4
(0.7, 0.2): 211.8
(0.7, 0.3): 375.2
(0.7, 0.4): 354.8
(0.7, 0.5): 231.4
(0.7, 0.6): 113.9
(0.7, 0.7): 66.5
(0.7, 0.8): 43.8
(0.7, 0.9): 19.7
(0.8, 0.1): 1146.0
(0.8, 0.2): 270.2
(0.8, 0.3): 553.0
(0.8, 0.4): 272.2
(0.8, 0.5): 134.5
(0.8, 0.6): 51.9
(0.8, 0.7): 16.2
(0.8, 0.8): 6.1
(0.8, 0.9): 2.4
(0.9, 0.1): 982.1
(0.9, 0.2): 281.0
(0.9, 0.3): 86.2
(0.9, 0.4): 26.4
(0.9, 0.5): 8.9
(0.9, 0.6): 4.1
(0.9, 0.7): 2.5
(0.9, 0.8): 1.7
(0.9, 0.9): 1.3
(1.0, 0.1): 1747.5
(1.0, 0.2): 353.3
(1.0, 0.3): 73.9
(1.0, 0.4): 19.9
(1.0, 0.5): 7.1
(1.0, 0.6): 3.7
(1.0, 0.7): 2.3
(1.0, 0.8): 1.6
(1.0, 0.9): 1.2

Clusters Sizes Standard Deviation:
(0.1, 0.1): 0.0
(0.1, 0.2): 0.0
(0.1, 0.3): 0.0
(0.1, 0.4): 0.0
(0.1, 0.5): 0.0
(0.1, 0.6): 0.0
(0.1, 0.7): 0.0
(0.1, 0.8): 0.0
(0.1, 0.9): 0.0
(0.2, 0.1): 0.1
(0.2, 0.2): 0.0
(0.2, 0.3): 0.0
(0.2, 0.4): 0.0
(0.2, 0.5): 0.0
(0.2, 0.6): 0.0
(0.2, 0.7): 0.0
(0.2, 0.8): 0.0
(0.2, 0.9): 0.0
(0.3, 0.1): 1.7
(0.3, 0.2): 229.7
(0.3, 0.3): 136.9
(0.3, 0.4): 80.3
(0.3, 0.5): 40.9
(0.3, 0.6): 32.7
(0.3, 0.7): 88.3
(0.3, 0.8): 32.4
(0.3, 0.9): 0.0
(0.4, 0.1): 10.5
(0.4, 0.2): 223.7
(0.4, 0.3): 151.8
(0.4, 0.4): 126.6
(0.4, 0.5): 83.6
(0.4, 0.6): 36.7
(0.4, 0.7): 63.7
(0.4, 0.8): 56.3
(0.4, 0.9): 29.9
(0.5, 0.1): 503.4
(0.5, 0.2): 242.3
(0.5, 0.3): 161.0
(0.5, 0.4): 97.2
(0.5, 0.5): 144.0
(0.5, 0.6): 31.9
(0.5, 0.7): 71.1
(0.5, 0.8): 27.3
(0.5, 0.9): 33.3
(0.6, 0.1): 366.7
(0.6, 0.2): 230.1
(0.6, 0.3): 265.5
(0.6, 0.4): 172.8
(0.6, 0.5): 72.7
(0.6, 0.6): 119.0
(0.6, 0.7): 41.0
(0.6, 0.8): 30.8
(0.6, 0.9): 28.8
(0.7, 0.1): 344.7
(0.7, 0.2): 95.4
(0.7, 0.3): 251.8
(0.7, 0.4): 252.4
(0.7, 0.5): 167.1
(0.7, 0.6): 37.8
(0.7, 0.7): 17.9
(0.7, 0.8): 21.2
(0.7, 0.9): 5.2
(0.8, 0.1): 563.4
(0.8, 0.2): 154.2
(0.8, 0.3): 386.2
(0.8, 0.4): 77.6
(0.8, 0.5): 62.7
(0.8, 0.6): 8.7
(0.8, 0.7): 2.3
(0.8, 0.8): 1.1
(0.8, 0.9): 0.3
(0.9, 0.1): 492.4
(0.9, 0.2): 119.5
(0.9, 0.3): 16.3
(0.9, 0.4): 4.0
(0.9, 0.5): 0.7
(0.9, 0.6): 0.2
(0.9, 0.7): 0.1
(0.9, 0.8): 0.0
(0.9, 0.9): 0.0
(1.0, 0.1): 633.8
(1.0, 0.2): 110.1
(1.0, 0.3): 12.9
(1.0, 0.4): 1.6
(1.0, 0.5): 0.5
(1.0, 0.6): 0.2
(1.0, 0.7): 0.1
(1.0, 0.8): 0.1
(1.0, 0.9): 0.0
