N = 50; timeSteps = 3000; simulations = 20

Number of Clusters Average:
(0.1, 0.1): 183.0
(0.1, 0.2): 167.8
(0.1, 0.3): 149.0
(0.1, 0.4): 131.2
(0.1, 0.5): 112.8
(0.1, 0.6): 90.7
(0.1, 0.7): 70.2
(0.1, 0.8): 47.8
(0.1, 0.9): 24.4
(0.2, 0.1): 292.9
(0.2, 0.2): 273.2
(0.2, 0.3): 254.2
(0.2, 0.4): 229.6
(0.2, 0.5): 200.8
(0.2, 0.6): 165.7
(0.2, 0.7): 131.4
(0.2, 0.8): 92.5
(0.2, 0.9): 48.2
(0.3, 0.1): 142.2
(0.3, 0.2): 1.0
(0.3, 0.3): 1.0
(0.3, 0.4): 1.1
(0.3, 0.5): 1.2
(0.3, 0.6): 1.0
(0.3, 0.7): 97.4
(0.3, 0.8): 131.8
(0.3, 0.9): 70.0
(0.4, 0.1): 48.6
(0.4, 0.2): 4.2
(0.4, 0.3): 2.6
(0.4, 0.4): 3.2
(0.4, 0.5): 3.3
(0.4, 0.6): 3.0
(0.4, 0.7): 2.8
(0.4, 0.8): 2.1
(0.4, 0.9): 54.4
(0.5, 0.1): 6.0
(0.5, 0.2): 3.6
(0.5, 0.3): 3.0
(0.5, 0.4): 3.7
(0.5, 0.5): 4.4
(0.5, 0.6): 4.4
(0.5, 0.7): 4.6
(0.5, 0.8): 4.3
(0.5, 0.9): 2.7
(0.6, 0.1): 2.4
(0.6, 0.2): 5.7
(0.6, 0.3): 6.6
(0.6, 0.4): 3.8
(0.6, 0.5): 4.6
(0.6, 0.6): 4.9
(0.6, 0.7): 5.2
(0.6, 0.8): 5.6
(0.6, 0.9): 4.6
(0.7, 0.1): 4.7
(0.7, 0.2): 13.3
(0.7, 0.3): 8.6
(0.7, 0.4): 3.2
(0.7, 0.5): 4.8
(0.7, 0.6): 6.7
(0.7, 0.7): 8.4
(0.7, 0.8): 9.6
(0.7, 0.9): 10.8
(0.8, 0.1): 13.8
(0.8, 0.2): 8.4
(0.8, 0.3): 2.9
(0.8, 0.4): 4.8
(0.8, 0.5): 9.7
(0.8, 0.6): 21.2
(0.8, 0.7): 42.1
(0.8, 0.8): 79.2
(0.8, 0.9): 88.6
(0.9, 0.1): 3.4
(0.9, 0.2): 13.2
(0.9, 0.3): 43.0
(0.9, 0.4): 105.4
(0.9, 0.5): 204.3
(0.9, 0.6): 285.4
(0.9, 0.7): 320.4
(0.9, 0.8): 288.9
(0.9, 0.9): 185.0
(1.0, 0.1): 1.0
(1.0, 0.2): 3.8
(1.0, 0.3): 17.2
(1.0, 0.4): 65.3
(1.0, 0.5): 164.7
(1.0, 0.6): 269.8
(1.0, 0.7): 320.5
(1.0, 0.8): 304.1
(1.0, 0.9): 201.7

Number of Clusters Standard Deviation:
(0.1, 0.1): 5.4
(0.1, 0.2): 3.1
(0.1, 0.3): 4.7
(0.1, 0.4): 3.6
(0.1, 0.5): 3.4
(0.1, 0.6): 2.6
(0.1, 0.7): 3.1
(0.1, 0.8): 1.7
(0.1, 0.9): 0.8
(0.2, 0.1): 8.7
(0.2, 0.2): 10.5
(0.2, 0.3): 8.1
(0.2, 0.4): 5.1
(0.2, 0.5): 5.9
(0.2, 0.6): 5.7
(0.2, 0.7): 2.9
(0.2, 0.8): 2.8
(0.2, 0.9): 1.2
(0.3, 0.1): 104.3
(0.3, 0.2): 0.2
(0.3, 0.3): 0.0
(0.3, 0.4): 0.3
(0.3, 0.5): 0.5
(0.3, 0.6): 0.0
(0.3, 0.7): 85.9
(0.3, 0.8): 4.4
(0.3, 0.9): 2.1
(0.4, 0.1): 27.3
(0.4, 0.2): 4.6
(0.4, 0.3): 1.1
(0.4, 0.4): 1.0
(0.4, 0.5): 0.9
(0.4, 0.6): 0.7
(0.4, 0.7): 1.2
(0.4, 0.8): 1.0
(0.4, 0.9): 42.7
(0.5, 0.1): 7.9
(0.5, 0.2): 1.4
(0.5, 0.3): 1.5
(0.5, 0.4): 1.5
(0.5, 0.5): 1.8
(0.5, 0.6): 1.5
(0.5, 0.7): 1.9
(0.5, 0.8): 1.6
(0.5, 0.9): 1.5
(0.6, 0.1): 1.2
(0.6, 0.2): 2.1
(0.6, 0.3): 3.8
(0.6, 0.4): 1.7
(0.6, 0.5): 1.7
(0.6, 0.6): 1.4
(0.6, 0.7): 2.1
(0.6, 0.8): 2.4
(0.6, 0.9): 1.6
(0.7, 0.1): 1.7
(0.7, 0.2): 4.8
(0.7, 0.3): 12.7
(0.7, 0.4): 1.5
(0.7, 0.5): 1.8
(0.7, 0.6): 2.6
(0.7, 0.7): 2.3
(0.7, 0.8): 2.8
(0.7, 0.9): 3.7
(0.8, 0.1): 4.8
(0.8, 0.2): 4.4
(0.8, 0.3): 1.7
(0.8, 0.4): 2.6
(0.8, 0.5): 3.8
(0.8, 0.6): 4.7
(0.8, 0.7): 8.2
(0.8, 0.8): 9.0
(0.8, 0.9): 7.8
(0.9, 0.1): 1.1
(0.9, 0.2): 3.3
(0.9, 0.3): 6.8
(0.9, 0.4): 10.9
(0.9, 0.5): 14.8
(0.9, 0.6): 11.3
(0.9, 0.7): 14.3
(0.9, 0.8): 9.8
(0.9, 0.9): 6.3
(1.0, 0.1): 0.0
(1.0, 0.2): 2.0
(1.0, 0.3): 4.7
(1.0, 0.4): 8.2
(1.0, 0.5): 11.3
(1.0, 0.6): 17.2
(1.0, 0.7): 12.5
(1.0, 0.8): 9.1
(1.0, 0.9): 5.4

Clusters Sizes Average:
(0.1, 0.1): 1.2
(0.1, 0.2): 1.2
(0.1, 0.3): 1.2
(0.1, 0.4): 1.1
(0.1, 0.5): 1.1
(0.1, 0.6): 1.1
(0.1, 0.7): 1.1
(0.1, 0.8): 1.0
(0.1, 0.9): 1.0
(0.2, 0.1): 1.5
(0.2, 0.2): 1.5
(0.2, 0.3): 1.4
(0.2, 0.4): 1.3
(0.2, 0.5): 1.2
(0.2, 0.6): 1.2
(0.2, 0.7): 1.1
(0.2, 0.8): 1.1
(0.2, 0.9): 1.0
(0.3, 0.1): 6.8
(0.3, 0.2): 585.0
(0.3, 0.3): 525.0
(0.3, 0.4): 427.5
(0.3, 0.5): 343.8
(0.3, 0.6): 300.0
(0.3, 0.7): 73.4
(0.3, 0.8): 1.1
(0.3, 0.9): 1.1
(0.4, 0.1): 71.8
(0.4, 0.2): 376.2
(0.4, 0.3): 326.7
(0.4, 0.4): 219.5
(0.4, 0.5): 161.2
(0.4, 0.6): 137.3
(0.4, 0.7): 131.0
(0.4, 0.8): 118.7
(0.4, 0.9): 18.9
(0.5, 0.1): 695.2
(0.5, 0.2): 334.6
(0.5, 0.3): 364.2
(0.5, 0.4): 253.8
(0.5, 0.5): 168.9
(0.5, 0.6): 141.1
(0.5, 0.7): 113.2
(0.5, 0.8): 67.7
(0.5, 0.9): 63.5
(0.6, 0.1): 736.9
(0.6, 0.2): 250.9
(0.6, 0.3): 234.0
(0.6, 0.4): 281.3
(0.6, 0.5): 192.7
(0.6, 0.6): 135.8
(0.6, 0.7): 103.3
(0.6, 0.8): 72.9
(0.6, 0.9): 37.8
(0.7, 0.1): 413.2
(0.7, 0.2): 122.2
(0.7, 0.3): 256.1
(0.7, 0.4): 451.5
(0.7, 0.5): 214.5
(0.7, 0.6): 118.2
(0.7, 0.7): 68.3
(0.7, 0.8): 39.9
(0.7, 0.9): 18.1
(0.8, 0.1): 144.4
(0.8, 0.2): 250.6
(0.8, 0.3): 684.2
(0.8, 0.4): 386.4
(0.8, 0.5): 126.0
(0.8, 0.6): 40.2
(0.8, 0.7): 14.8
(0.8, 0.8): 5.1
(0.8, 0.9): 2.3
(0.9, 0.1): 656.4
(0.9, 0.2): 145.3
(0.9, 0.3): 37.4
(0.9, 0.4): 12.9
(0.9, 0.5): 5.5
(0.9, 0.6): 3.2
(0.9, 0.7): 2.1
(0.9, 0.8): 1.6
(0.9, 0.9): 1.2
(1.0, 0.1): 2250.0
(1.0, 0.2): 781.1
(1.0, 0.3): 110.4
(1.0, 0.4): 23.3
(1.0, 0.5): 7.6
(1.0, 0.6): 3.7
(1.0, 0.7): 2.3
(1.0, 0.8): 1.6
(1.0, 0.9): 1.2

Clusters Sizes Standard Deviation:
(0.1, 0.1): 0.0
(0.1, 0.2): 0.0
(0.1, 0.3): 0.0
(0.1, 0.4): 0.0
(0.1, 0.5): 0.0
(0.1, 0.6): 0.0
(0.1, 0.7): 0.1
(0.1, 0.8): 0.0
(0.1, 0.9): 0.0
(0.2, 0.1): 0.0
(0.2, 0.2): 0.1
(0.2, 0.3): 0.0
(0.2, 0.4): 0.0
(0.2, 0.5): 0.0
(0.2, 0.6): 0.0
(0.2, 0.7): 0.0
(0.2, 0.8): 0.0
(0.2, 0.9): 0.0
(0.3, 0.1): 2.9
(0.3, 0.2): 65.4
(0.3, 0.3): 0.0
(0.3, 0.4): 67.5
(0.3, 0.5): 75.3
(0.3, 0.6): 0.0
(0.3, 0.7): 100.5
(0.3, 0.8): 0.0
(0.3, 0.9): 0.0
(0.4, 0.1): 192.4
(0.4, 0.2): 262.1
(0.4, 0.3): 172.5
(0.4, 0.4): 104.3
(0.4, 0.5): 38.7
(0.4, 0.6): 30.1
(0.4, 0.7): 65.8
(0.4, 0.8): 55.8
(0.4, 0.9): 27.1
(0.5, 0.1): 486.1
(0.5, 0.2): 183.0
(0.5, 0.3): 196.3
(0.5, 0.4): 146.3
(0.5, 0.5): 72.7
(0.5, 0.6): 92.5
(0.5, 0.7): 92.7
(0.5, 0.8): 28.5
(0.5, 0.9): 37.4
(0.6, 0.1): 417.1
(0.6, 0.2): 121.5
(0.6, 0.3): 204.9
(0.6, 0.4): 111.7
(0.6, 0.5): 75.5
(0.6, 0.6): 50.1
(0.6, 0.7): 50.4
(0.6, 0.8): 58.8
(0.6, 0.9): 15.8
(0.7, 0.1): 284.1
(0.7, 0.2): 52.7
(0.7, 0.3): 146.4
(0.7, 0.4): 312.3
(0.7, 0.5): 102.8
(0.7, 0.6): 41.0
(0.7, 0.7): 22.0
(0.7, 0.8): 11.7
(0.7, 0.9): 6.1
(0.8, 0.1): 44.5
(0.8, 0.2): 130.9
(0.8, 0.3): 429.3
(0.8, 0.4): 311.8
(0.8, 0.5): 66.0
(0.8, 0.6): 11.7
(0.8, 0.7): 3.0
(0.8, 0.8): 0.6
(0.8, 0.9): 0.2
(0.9, 0.1): 226.0
(0.9, 0.2): 35.0
(0.9, 0.3): 5.1
(0.9, 0.4): 1.3
(0.9, 0.5): 0.4
(0.9, 0.6): 0.1
(0.9, 0.7): 0.1
(0.9, 0.8): 0.1
(0.9, 0.9): 0.0
(1.0, 0.1): 0.0
(1.0, 0.2): 558.3
(1.0, 0.3): 32.7
(1.0, 0.4): 2.9
(1.0, 0.5): 0.5
(1.0, 0.6): 0.2
(1.0, 0.7): 0.1
(1.0, 0.8): 0.1
(1.0, 0.9): 0.0
